gb <- list(lat = c(41,42,42,41, 41),
           lon = c(-68,-68, -66.5, -66.5, -68))

css <- list(lat = c(43.33, 44.33, 44.33, 43.33, 43.33),
            lon = c(-64, -64, -62, -62, -64))

ess <- list(lat = c(44.2, 45.67, 45.67, 44.2, 44.2),
            lon = c(-60, -60, -58, -58, -60))

wss <- list(lat = c(42.5, 43.33, 43.33, 42.5, 42.5),
            lon = c(-65.5, -65.5, -64.5, -64.5, -65.5))

cs <- list(lat = c(46.9, 48, 48, 46.9, 46.9),
           lon = c(-60.4, -60.4, -59, -59, -60.4))

ls <- list(lat = c(43, 44, 44, 43, 43),
           lon = c(-66.7, -66.7, -66, -66, -66.7))

subregions <- list(gb = gb,
                   css = css,
                   ess = ess,
                   wss = wss,
                   cs = cs,
                   ls = ls)